<?xml version="1.0" encoding="UTF-8" standalone="no"?>
<!DOCTYPE svg PUBLIC "-//W3C//DTD SVG 20010904//EN"
              "http://www.w3.org/TR/2001/REC-SVG-20010904/DTD/svg10.dtd">

<svg xmlns="http://www.w3.org/2000/svg"
     width="22.3611in" height="11.6667in"
     viewBox="0 0 1610 840">
  <path id="Selection"
        fill="none" stroke="black" stroke-width="1"
        d="M 328.00,772.00
           C 328.00,772.00 282.00,772.00 282.00,772.00
             282.00,772.00 133.00,772.00 133.00,772.00
             133.00,772.00 77.00,772.00 77.00,772.00
             68.36,771.98 68.02,771.64 68.00,763.00
             68.00,763.00 68.00,319.00 68.00,319.00
             68.00,319.00 68.00,126.00 68.00,126.00
             68.00,126.00 68.00,75.00 68.00,75.00
             68.14,67.51 70.26,68.01 77.00,68.00
             77.00,68.00 878.00,68.00 878.00,68.00
             878.00,68.00 1065.00,68.00 1065.00,68.00
             1065.00,68.00 1115.00,68.00 1115.00,68.00
             1122.49,68.14 1121.99,70.26 1122.00,77.00
             1122.00,77.00 1122.00,610.00 1122.00,610.00
             1122.00,610.00 1122.00,734.00 1122.00,734.00
             1122.00,734.00 1122.00,760.00 1122.00,760.00
             1122.00,762.41 1122.40,768.60 1120.98,770.40
             1119.41,772.38 1115.30,772.00 1113.00,772.00
             1113.00,772.00 683.00,772.00 683.00,772.00
             683.00,772.00 550.00,772.00 550.00,772.00
             550.00,772.00 510.00,772.00 510.00,772.00
             503.50,772.00 494.02,772.71 488.00,771.00
             488.00,771.00 488.00,769.00 488.00,769.00
             493.71,767.38 500.08,768.00 506.00,768.00
             506.00,768.00 537.00,768.00 537.00,768.00
             537.00,768.00 639.00,768.00 639.00,768.00
             639.00,768.00 971.00,768.00 971.00,768.00
             971.00,768.00 1084.00,768.00 1084.00,768.00
             1084.00,768.00 1108.00,768.00 1108.00,768.00
             1110.94,767.96 1114.17,768.02 1116.26,765.57
             1118.31,763.16 1118.00,758.99 1118.00,756.00
             1118.00,756.00 1118.00,231.00 1118.00,231.00
             1118.00,231.00 1118.00,109.00 1118.00,109.00
             1118.00,109.00 1118.00,83.00 1118.00,83.00
             1117.98,80.21 1118.18,76.68 1116.26,74.43
             1113.85,71.59 1109.37,72.01 1106.00,72.00
             1106.00,72.00 313.00,72.00 313.00,72.00
             313.00,72.00 128.00,72.00 128.00,72.00
             128.00,72.00 89.00,72.00 89.00,72.00
             85.22,72.00 77.29,71.31 74.43,73.74
             71.59,76.15 72.01,80.63 72.00,84.00
             72.00,84.00 72.00,609.00 72.00,609.00
             72.00,609.00 72.00,731.00 72.00,731.00
             72.00,731.00 72.00,757.00 72.00,757.00
             72.02,759.79 71.82,763.32 73.74,765.57
             76.15,768.41 80.63,767.99 84.00,768.00
             84.00,768.00 267.00,768.00 267.00,768.00
             267.00,768.00 323.00,768.00 323.00,768.00
             330.35,768.00 345.65,767.20 352.00,769.00
             352.00,769.00 352.00,771.00 352.00,771.00
             345.84,772.75 334.77,772.00 328.00,772.00 Z
           M 1295.00,772.00
           C 1295.00,772.00 1221.00,772.00 1221.00,772.00
             1221.00,772.00 1197.00,772.00 1197.00,772.00
             1195.01,772.00 1191.19,772.23 1189.60,770.98
             1187.62,769.41 1188.00,765.30 1188.00,763.00
             1188.00,763.00 1188.00,544.00 1188.00,544.00
             1188.00,544.00 1188.00,448.00 1188.00,448.00
             1188.00,448.00 1188.00,426.00 1188.00,426.00
             1188.01,424.18 1187.85,421.08 1189.02,419.60
             1190.59,417.62 1194.70,418.00 1197.00,418.00
             1197.00,418.00 1462.00,418.00 1462.00,418.00
             1462.00,418.00 1522.00,418.00 1522.00,418.00
             1525.58,418.00 1538.97,417.07 1540.98,419.60
             1542.23,421.19 1542.00,425.01 1542.00,427.00
             1542.00,427.00 1542.00,692.00 1542.00,692.00
             1542.00,692.00 1542.00,752.00 1542.00,752.00
             1542.00,755.58 1542.93,768.97 1540.40,770.98
             1538.81,772.23 1534.99,772.00 1533.00,772.00
             1533.00,772.00 1442.00,772.00 1442.00,772.00
             1442.00,772.00 1415.00,772.00 1415.00,772.00
             1409.35,772.00 1403.47,772.55 1398.00,771.00
             1398.00,771.00 1398.00,769.00 1398.00,769.00
             1404.57,767.13 1424.97,768.00 1433.00,768.00
             1433.00,768.00 1504.00,768.00 1504.00,768.00
             1504.00,768.00 1528.00,768.00 1528.00,768.00
             1530.94,767.96 1534.17,768.02 1536.26,765.57
             1538.31,763.16 1538.00,758.99 1538.00,756.00
             1538.00,756.00 1538.00,500.00 1538.00,500.00
             1538.00,500.00 1538.00,434.00 1538.00,434.00
             1537.98,423.34 1536.66,422.02 1526.00,422.00
             1526.00,422.00 1270.00,422.00 1270.00,422.00
             1270.00,422.00 1204.00,422.00 1204.00,422.00
             1193.34,422.02 1192.02,423.34 1192.00,434.00
             1192.00,434.00 1192.00,690.00 1192.00,690.00
             1192.00,690.00 1192.00,756.00 1192.00,756.00
             1192.02,766.66 1193.34,767.98 1204.00,768.00
             1204.00,768.00 1290.00,768.00 1290.00,768.00
             1298.75,768.00 1325.28,767.09 1332.00,769.00
             1332.00,769.00 1332.00,771.00 1332.00,771.00
             1325.33,772.89 1303.28,772.00 1295.00,772.00 Z" />
</svg>
